((("parent_id" .
   [1 0 0 0 0 0 0 0 0])
  ("and" .
   [1 0 0])
  ("mid" .
   [1 0 0])
  ("400" .
   [1 0 0])
  ("res" .
   [1 0 0])
  ("True" .
   [1 0 0 0])
  ("assert_parameters" .
   [0 0 0 0 0 0 1 0 0 0 0 0 0 0 0 0 0])
  ("item" .
   [2 0 0 0])
  ("param_list" .
   [0 0 0 0 0 0 0 0 1 0])
  ("assert_parameters_1" .
   [1 0 0 0 0 0 0 0 0 0 0 0 0 0 0 0 0 0 0])
  ("value" .
   [1 0 0 0 0])
  ("test" .
   [2 0 0 0])
  ("name" .
   [4 0 0 0])
  ("pass" .
   [4 0 0 0])
  ("miss_e" .
   [2 0 0 0 0 0])
  ("500" .
   [1 0 0])
  ("render_error_response" .
   [0 0 0 0 1 0 0 0 0 0 0 0 0 0 0 0 0 0 0 0 2])
  ("Exception" .
   [0 0 0 2 0 0 0 0 1])
  ("except" .
   [0 0 1 1 1 1])
  ("try" .
   [5 0 0])
  ("code" .
   [2 0 0 0])
  ("db_e" .
   [1 0 0 1])
  ("str" .
   [4 0 0])
  ("render_to_response" .
   [0 0 0 0 0 0 0 0 0 0 0 0 0 0 0 0 0 1])
  ("as" .
   [5 0])
  ("Database_Exception" .
   [0 0 0 0 0 0 0 0 0 1 1 0 0 0 0 0 0 0])
  ("Database" .
   [0 0 0 0 0 0 0 1])
  ("import" .
   [1 0 0 0 0 0])
  ("Miss_Param_Exception" .
   [0 0 0 0 0 1 1 0 0 0 0 0 0 0 0 0 0 0 0 0])
  ("Miss" .
   [0 0 0 1])
  ("err" .
   [4 0 0])
  ("from" .
   [2 0 0 0])
  ("save" .
   [1 0 0 0])
  ("old_menu_id" .
   [0 0 0 1 0 0 0 0 0 0 0])
  ("recom_menu_data" .
   [0 0 0 0 0 0 0 0 3 0 0 0 0 0 0])
  ("recom_data" .
   [0 0 0 0 0 0 0 0 1 1])
  ("break" .
   [1 0 1 1 0])
  ("new_menu" .
   [0 0 1 0 1 0 0 0])
  ("new_menu_id" .
   [0 0 0 0 1 0 0 0 0 0 0])
  ("None" .
   [1 0 0 0])
  ("length" .
   [2 0 0 1 0 0])
  ("menus" .
   [6 0 0 0 0])
  ("range" .
   [3 0 0 0 0])
  ("base_menu_data" .
   [0 0 0 0 0 0 0 2 0 0 0 0 0 0])
  ("in" .
   [8 0])
  ("for" .
   [5 0 0])
  ("data" .
   [1 0 0 0])
  ("base_data" .
   [0 0 0 0 0 0 0 0 1])
  ("def" .
   [2 0 0])
  ("find_one" .
   [1 0 0 0 0 0 0 0])
  ("cookbook" .
   [0 0 0 0 1 1 1 0])
  ("recom_personal" .
   [0 0 0 0 0 0 0 0 1 0 0 0 0 0])
  ("getconnection" .
   [0 0 0 0 0 0 1 0 0 0 0 0 0])
  ("con" .
   [5 0 0])
  ("menu_id" .
   [0 0 1 0 0 0 0])
  ("column_id" .
   [0 0 1 1 2 0 0 0 1])
  ("not" .
   [14 0 0])
  ("or" .
   [3 0])
  ("if" .
   [10 0])
  ("PUT" .
   [3 0 0])
  ("get" .
   [4 0 0])
  ("request" .
   [0 0 0 2 2 0 0])
  ("user_id" .
   [1 0 0 0 1 0 1])
  ("uuid" .
   [0 0 1 0])
  ("right" .
   [1 0 0 0 0])
  ("align" .
   [0 0 1 0 0])
  ("btn" .
   [1 0 0])
  ("200px" .
   [0 0 0 2 0])
  ("40px" .
   [1 0 1 0])
  ("100%" .
   [1 0 0 3])
  ("25px" .
   [1 0 0 0])
  ("font-size" .
   [0 0 0 0 0 0 1 0 0])
  ("center" .
   [3 0 0 0 0 1])
  ("box_center" .
   [0 0 0 0 1 0 0 0 0 0])
  ("print" .
   [2 0 0 0 0])
  ("env" .
   [3 0 0])
  ("environ" .
   [0 0 0 1 1 0 0])
  ("return" .
   [3 0 2 1 1 3])
  ("httpd" .
   [5 0 0 2 1])
  ("serve_forever" .
   [0 0 1 1 0 0 0 0 0 0 0 0 0])
  ("text-align" .
   [0 0 0 0 0 0 1 0 0 1])))
